Specify the design of the VTS experiment whereby:
 - onsets = list describing the onsets of stimulations in sec
 - outputlist = array of which outputs need to be used at each onset (if more than one output used per onset put a comma between and seperate via semicolon)
 - amplitude = list describing the amplitude per onset
 - frequency = list describing frequency per onset in Hz
 - ondur = on duration of vibration in a stimulus in sec
 - offdur = off duration between vibration within a stimulus in sec
 - stimdur = total duration of the whole stimulus (needs to add up ondur and offdur couple of times) 

onsets 	| outputs| amplitude	| frequency         | ondur		|offdur		|stimdur
6;          17;     2;              30;              1.0;        0.0;       1.0;
8;        15,16;	2;				110;             0.32;       0.08;		3.2;
9;          17;     2;              30;              1.0;        0.0;       1.0;
12;          17;     2;              30;              1.0;        0.0;       1.0;
17.6;     9,11;  	2;				110;             0.32;       0.08;		3.2;
35;			2,1;	2;				110;             0.32;       0.08;		3.2;
42;			10,7;	2;				110;             0.32;       0.08;		3.2;
50;          17;     2;              30;              1.0;        0.0;       1.0;
60;          17;     2;              30;              1.0;        0.0;       1.0;
67;			6,13;	2;				110;             0.32;       0.08;		3.2;
76;			3,5;	2;				110;             0.32;       0.08;		3.2;
81;          17;     2;              30;              1.0;        0.0;       1.0;
85.6;		4,12;	2;				110;             0.32;       0.08;		3.2;
95.2;		8,14;	2;				110;             0.32;       0.08;		3.2;
104.8;		11,16;	2;				110;             0.32;       0.08;		3.2;
106;          17;     2;              30;              1.0;        0.0;       1.0;
114.4;		2,6;	2;				110;             0.32;       0.08;		3.2;
122;          17;     2;              30;              1.0;        0.0;       1.0;
124;		8,4;	2;				110;             0.32;       0.08;		3.2;
133.6;		3,15;	2;				110;             0.32;       0.08;		3.2;
143.2;		14,10;	2;				110;             0.32;       0.08;		3.2;
152.8;		9,12;	2;				110;             0.32;       0.08;		3.2;
161;          17;     2;              30;              1.0;        0.0;       1.0;
162.4;		7,5;	2;				110;             0.32;       0.08;		3.2;
172;		1,13;	2;				110;             0.32;       0.08;		3.2;
179;          17;     2;              30;              1.0;        0.0;       1.0;
181.6;		11,6;	2;				110;             0.32;       0.08;		3.2;
185;          17;     2;              30;              1.0;        0.0;       1.0;
191.2;		15,4;	2;				110;             0.32;       0.08;		3.2;
195;          17;     2;              30;              1.0;        0.0;       1.0;
200.8;		14,7;	2;				110;             0.32;       0.08;		3.2;
210.4;		2,9;	2;				110;             0.32;       0.08;		3.2;
219;          17;     2;              30;              1.0;        0.0;       1.0;
220;		12,5;	2;				110;             0.32;       0.08;		3.2;
229.6;		3,10;	2;				110;             0.32;       0.08;		3.2;
234;          17;     2;              30;              1.0;        0.0;       1.0;
239.2;		1,13;	2;				110;             0.32;       0.08;		3.2;
248.8;		16,8;	2;				110;             0.32;       0.08;		3.2;
249;          17;     2;              30;              1.0;        0.0;       1.0;
252;          17;     2;              30;              1.0;        0.0;       1.0;
253;          17;     2;              30;              1.0;        0.0;       1.0;
256;          17;     2;              30;              1.0;        0.0;       1.0;
258;          17;     2;              30;              1.0;        0.0;       1.0;
258.4;		15,5;	2;				110;             0.32;       0.08;		3.2;
261;          17;     2;              30;              1.0;        0.0;       1.0;
268;		12,6;	2;				110;             0.32;       0.08;		3.2;
277.6;		7,2;	2;				110;             0.32;       0.08;		3.2;
279;          17;     2;              30;              1.0;        0.0;       1.0;
287.2;		10,16;	2;				110;             0.32;       0.08;		3.2;
296.8;		4,1;	2;				110;             0.32;       0.08;		3.2;
306.4;		3,11;	2;				110;             0.32;       0.08;		3.2;
316;		14,13;	2;				110;             0.32;       0.08;		3.2;
320;          17;     2;              30;              1.0;        0.0;       1.0;
325.6;		9,8;	2;				110;             0.32;       0.08;		3.2;
335.2;		5,6;	2;				110;             0.32;       0.08;		3.2;
344.8;		4,11;	2;				110;             0.32;       0.08;		3.2;
351;          17;     2;              30;              1.0;        0.0;       1.0;
354.4;		9,12;	2;				110;             0.32;       0.08;		3.2;
364;		1,10;	2;				110;             0.32;       0.08;		3.2;

370;          17;     2;              30;              1.0;        0.0;       1.0;
373.6;		16,14;	2;				110;             0.32;       0.08;		3.2;
375;          17;     2;              30;              1.0;        0.0;       1.0;
383.2;		7,8;	2;				110;             0.32;       0.08;		3.2;
384;          17;     2;              30;              1.0;        0.0;       1.0;
392.8;		3,15;	2;				110;             0.32;       0.08;		3.2;
400;          17;     2;              30;              1.0;        0.0;       1.0;
402.4;		2,13;	2;				110;             0.32;       0.08;		3.2;
412;		15,13;	2;				110;             0.32;       0.08;		3.2;
414;          17;     2;              30;              1.0;        0.0;       1.0;
421.6;		16,3;	2;				110;             0.32;       0.08;		3.2;
431.2;		8,14;	2;				110;             0.32;       0.08;		3.2;
440.8;		5,1;	2;				110;             0.32;       0.08;		3.2;
450.4;		9,7;	2;				110;             0.32;       0.08;		3.2;
460;		11,12;	2;				110;             0.32;       0.08;		3.2;
469.6;		10,2;	2;				110;             0.32;       0.08;		3.2;
475;          17;     2;              30;              1.0;        0.0;       1.0;
479.2;		4,6;	2;				110;             0.32;       0.08;		3.2;
483;          17;     2;              30;              1.0;        0.0;       1.0;
487;          17;     2;              30;              1.0;        0.0;       1.0;
488.8;		2,6;	2;				110;             0.32;       0.08;		3.2;
490;          17;     2;              30;              1.0;        0.0;       1.0;
498.4;		8,3;	2;				110;             0.32;       0.08;		3.2;
505;          17;     2;              30;              1.0;        0.0;       1.0;
508;		1,16;	2;				110;             0.32;       0.08;		3.2;
509;          17;     2;              30;              1.0;        0.0;       1.0;
514;          17;     2;              30;              1.0;        0.0;       1.0;
517.6;		5,9;	2;				110;             0.32;       0.08;		3.2;
521;          17;     2;              30;              1.0;        0.0;       1.0;
527.2;		12,7;	2;				110;             0.32;       0.08;		3.2;
533;          17;     2;              30;              1.0;        0.0;       1.0;
536.8;		10,15;	2;				110;             0.32;       0.08;		3.2;
540;          17;     2;              30;              1.0;        0.0;       1.0;
546.4;		11,14;	2;				110;             0.32;       0.08;		3.2;
548;          17;     2;              30;              1.0;        0.0;       1.0;
556;		4,13;	2;				110;             0.32;       0.08;		3.2;
565.60;		8,3;	2;				110;             0.32;       0.08;		3.2;
575.2;		16,10;	2;				110;             0.32;       0.08;		3.2;
584.8;		2,11;	2;				110;             0.32;       0.08;		3.2;
590;          17;     2;              30;              1.0;        0.0;       1.0;
593;          17;     2;              30;              1.0;        0.0;       1.0;
594.4;		1,6;	2;				110;             0.32;       0.08;		3.2;
596;          17;     2;              30;              1.0;        0.0;       1.0;
604;		15,13;	2;				110;             0.32;       0.08;		3.2;
613.6;		9,4;	2;				110;             0.32;       0.08;		3.2;
623.2;		7,5;	2;				110;             0.32;       0.08;		3.2;
632.8;		12,14;	2;				110;             0.32;       0.08;		3.2;