Specify the design of the VTS experiment whereby:
 - onsets = list describing the onsets of stimulations in sec
 - outputlist = array of which outputs need to be used at each onset (if more than one output used per onset put a comma between and seperate via semicolon)
 - amplitude = list describing the amplitude per onset
 - frequency = list describing frequency per onset in Hz
 - ondur = on duration of vibration in a stimulus in sec
 - offdur = off duration between vibration within a stimulus in sec
 - stimdur = total duration of the whole stimulus (needs to add up ondur and offdur couple of times) 

onsets 	| outputs                                   | amplitude	| frequency     | ondur		|offdur		|stimdur
11.9;    1,2,3,4,5,6,7,8,9,10,11,12,13,14,15,16;        2;          110;           0.2;     0.4;	1.2;
15.3;    1,2,3,4,5,6,7,8,9,10,11,12,13,14,15,16;        2;          110;            0.2;	0.05;	0.5;
18.533;    1,2,3,4,5,6,7,8,9,10,11,12,13,14,15,16;        2;          110;          0.2;	0.2;	0.8;
23.283;    1,2,3,4,5,6,7,8,9,10,11,12,13,14,15,16;        2;          110;   		0.4;	0.0;	0.4;
27;         17;                                          2;             30;         1.0;        0.0;        1.0;
28.733;    1,2,3,4,5,6,7,8,9,10,11,12,13,14,15,16;        2;          110;   		0.8;	0.0;	0.8;
32;         17;                                          2;             30;         1.0;        0.0;        1.0;
34.517;    1,2,3,4,5,6,7,8,9,10,11,12,13,14,15,16;        2;          110;   		0.2;	0.2;	0.8;
38.583;    1,2,3,4,5,6,7,8,9,10,11,12,13,14,15,16;        2;          110;   		0.2;	0.8;	2.0;
42.333;    1,2,3,4,5,6,7,8,9,10,11,12,13,14,15,16;        2;          110;   		0.2;	0.1;	0.6;
46.583;    1,2,3,4,5,6,7,8,9,10,11,12,13,14,15,16;        2;          110;   		0.05;	0.0;	0.05;
50.833;    1,2,3,4,5,6,7,8,9,10,11,12,13,14,15,16;        2;          110;   		1.2;	0.0;	1.2;
55.933;    1,2,3,4,5,6,7,8,9,10,11,12,13,14,15,16;        2;          110;   		0.4;	0.0;	0.4;
60.017;    1,2,3,4,5,6,7,8,9,10,11,12,13,14,15,16;        2;          110;   		0.2;	0.1;	0.6;
65.617;    1,2,3,4,5,6,7,8,9,10,11,12,13,14,15,16;        2;          110;   		1.2;	0.0;	1.2;
67;         17;                                          2;             30;         1.0;        0.0;        1.0;
70.55;    1,2,3,4,5,6,7,8,9,10,11,12,13,14,15,16;        2;          110;   		0.2;	0.05;	0.5;
75.133;    1,2,3,4,5,6,7,8,9,10,11,12,13,14,15,16;        2;          110;   		0.8;	0.0;	0.8;	
79.567;    1,2,3,4,5,6,7,8,9,10,11,12,13,14,15,16;        2;          110;   		0.1;	0.0;	0.1;
81;         17;                                          2;             30;         1.0;        0.0;        1.0;
82.617;    1,2,3,4,5,6,7,8,9,10,11,12,13,14,15,16;        2;          110;   		0.2;	1.2;	2.8;
86.183;    1,2,3,4,5,6,7,8,9,10,11,12,13,14,15,16;        2;          110;   		0.2;	1.2;	2.8;  
91.283;    1,2,3,4,5,6,7,8,9,10,11,12,13,14,15,16;        2;          110;   		0.2;	0.0;	0.2;
95.033;    1,2,3,4,5,6,7,8,9,10,11,12,13,14,15,16;        2;          110;  		0.2;	0.2;	0.8;
99;         17;                                          2;             30;         1.0;        0.0;        1.0;
99.45;    1,2,3,4,5,6,7,8,9,10,11,12,13,14,15,16;        2;          110;     		0.2;	0.0;	0.2;
105.4;    1,2,3,4,5,6,7,8,9,10,11,12,13,14,15,16;        2;          110;    		0.2;	0.8;	2.0;
110.833;    1,2,3,4,5,6,7,8,9,10,11,12,13,14,15,16;        2;          110;   		1.2;	0.0;	1.2;
111;         17;                                          2;             30;         1.0;        0.0;        1.0;
114;         17;                                          2;             30;         1.0;        0.0;        1.0;
114.233;    1,2,3,4,5,6,7,8,9,10,11,12,13,14,15,16;        2;          110;    		0.4;	0.0;	0.4;  
118.15;    1,2,3,4,5,6,7,8,9,10,11,12,13,14,15,16;        2;          110;            0.2;	0.4;	1.2;
123.933;    1,2,3,4,5,6,7,8,9,10,11,12,13,14,15,16;        2;          110;       	0.2;	0.0;	0.2;
127.833;    1,2,3,4,5,6,7,8,9,10,11,12,13,14,15,16;        2;          110;    		0.05;	0.0;	0.05;
133.117;    1,2,3,4,5,6,7,8,9,10,11,12,13,14,15,16;        2;          110;      	0.2;	0.8;	2.0;		
136.167;    1,2,3,4,5,6,7,8,9,10,11,12,13,14,15,16;        2;          110;     	0.05;	0.0;	0.05;
141;         17;                                          2;             30;         1.0;        0.0;        1.0;
142.117;    1,2,3,4,5,6,7,8,9,10,11,12,13,14,15,16;        2;          110;    		0.8;	0.0;	0.8;	
147.733;    1,2,3,4,5,6,7,8,9,10,11,12,13,14,15,16;        2;          110;          0.2;	0.4;	1.2;
152.483;    1,2,3,4,5,6,7,8,9,10,11,12,13,14,15,16;        2;          110;    		0.2;	0.1;	0.6;
155.717;    1,2,3,4,5,6,7,8,9,10,11,12,13,14,15,16;        2;          110;    		0.2;	0.05;	0.5;
159.283;    1,2,3,4,5,6,7,8,9,10,11,12,13,14,15,16;        2;          110;      	0.2;	1.2;	2.8;
161;         17;                                          2;             30;         1.0;        0.0;        1.0;
164.567;    1,2,3,4,5,6,7,8,9,10,11,12,13,14,15,16;        2;          110;   		0.1;	0.0;	0.1;
169.483;    1,2,3,4,5,6,7,8,9,10,11,12,13,14,15,16;        2;          110;   		0.1;	0.0;	0.1;
181.383;    1,2,3,4,5,6,7,8,9,10,11,12,13,14,15,16;        2;          110;   		0.8;	0.0;	0.8;
186.15;    1,2,3,4,5,6,7,8,9,10,11,12,13,14,15,16;        2;          110;   		0.1;	0.0;	0.1;
191;         17;                                          2;             30;         1.0;        0.0;        1.0;
192.1;    	1,2,3,4,5,6,7,8,9,10,11,12,13,14,15,16;        2;          110;      	0.2;	1.2;	2.8;  
196;    	1,2,3,4,5,6,7,8,9,10,11,12,13,14,15,16;        2;          110;    		0.2;	0.8;	2.0;
199.916;    1,2,3,4,5,6,7,8,9,10,11,12,13,14,15,16;        2;          110;    		0.2;	0.1;	0.6;
200;         17;                                          2;             30;         1.0;        0.0;        1.0;
202.966;   1,2,3,4,5,6,7,8,9,10,11,12,13,14,15,16;        2;          110;            0.2;	0.4;	1.2;
208.75;    1,2,3,4,5,6,7,8,9,10,11,12,13,14,15,16;        2;          110;   		1.2;	0.0;	1.2;
212.833;    1,2,3,4,5,6,7,8,9,10,11,12,13,14,15,16;        2;          110;    		0.4;	0.0;	0.4;	
218.45;    1,2,3,4,5,6,7,8,9,10,11,12,13,14,15,16;        2;          110;  		0.2;	0.2;	0.8;
221;         17;                                          2;             30;         1.0;        0.0;        1.0;
222.016;    1,2,3,4,5,6,7,8,9,10,11,12,13,14,15,16;        2;          110;    		0.2;	0.1;	0.6;
227.283;    1,2,3,4,5,6,7,8,9,10,11,12,13,14,15,16;        2;          110;   		0.1;	0.0;	0.1;
232.383;    1,2,3,4,5,6,7,8,9,10,11,12,13,14,15,16;        2;          110;       	0.2;	0.0;	0.2;
237.316;   1,2,3,4,5,6,7,8,9,10,11,12,13,14,15,16;        2;          110;          0.2;	0.4;	1.2;
242.4160;    1,2,3,4,5,6,7,8,9,10,11,12,13,14,15,16;        2;          110;   		0.4;	0.0;	0.4;
247.85;   	1,2,3,4,5,6,7,8,9,10,11,12,13,14,15,16;        2;          110;   		1.2;	0.0;	1.2;
251.416;    1,2,3,4,5,6,7,8,9,10,11,12,13,14,15,16;        2;          110;    		0.2;	0.1;	0.6;
254.816;    1,2,3,4,5,6,7,8,9,10,11,12,13,14,15,16;        2;          110;       	0.2;	0.0;	0.2;
256;         17;                                          2;             30;         1.0;        0.0;        1.0;
258.05;    1,2,3,4,5,6,7,8,9,10,11,12,13,14,15,16;        2;          110;     		0.05;	0.0;	0.05;
261;         17;                                          2;             30;         1.0;        0.0;        1.0;
264;    	1,2,3,4,5,6,7,8,9,10,11,12,13,14,15,16;        2;          110;    		0.8;	0.0;	0.8; 	
265;         17;                                          2;             30;         1.0;        0.0;        1.0;
268.416;    1,2,3,4,5,6,7,8,9,10,11,12,13,14,15,16;        2;          110;       0.2;	0.0;	0.2;
274.2;   	1,2,3,4,5,6,7,8,9,10,11,12,13,14,15,16;        2;          110;          0.2;	0.4;	1.2;
275;         17;                                          2;             30;         1.0;        0.0;        1.0;
277.95;   1,2,3,4,5,6,7,8,9,10,11,12,13,14,15,16;        2;          110;  			0.2;	0.2;	0.8;
280;         17;                                          2;             30;         1.0;        0.0;        1.0;
283.216;    1,2,3,4,5,6,7,8,9,10,11,12,13,14,15,16;        2;          110;    		0.8;	0.0;	0.8;	
288.816;   1,2,3,4,5,6,7,8,9,10,11,12,13,14,15,16;        2;          110;  		0.2;	0.2;	0.8;
294.266;    1,2,3,4,5,6,7,8,9,10,11,12,13,14,15,16;        2;          110;      	0.2;	1.2;	2.8;
297.316;    1,2,3,4,5,6,7,8,9,10,11,12,13,14,15,16;        2;          110;      	0.2;	1.2;	2.8;
301.566;    1,2,3,4,5,6,7,8,9,10,11,12,13,14,15,16;        2;          110;      	0.2;	0.8;	2.0;	
306.5;   1,2,3,4,5,6,7,8,9,10,11,12,13,14,15,16;        2;          110;   			0.2;	0.05;	0.5;
309;         17;                                          2;             30;         1.0;        0.0;        1.0;
310.75;   1,2,3,4,5,6,7,8,9,10,11,12,13,14,15,16;        2;          110;   		0.2;	0.05;	0.5;
314.15;    1,2,3,4,5,6,7,8,9,10,11,12,13,14,15,16;        2;          110;     		0.05;	0.0;	0.05;
315;         17;                                          2;             30;         1.0;        0.0;        1.0;
317.383;   1,2,3,4,5,6,7,8,9,10,11,12,13,14,15,16;        2;          110;   		0.4;	0.0;	0.4;
318;         17;                                          2;             30;         1.0;        0.0;        1.0;
321.116;   1,2,3,4,5,6,7,8,9,10,11,12,13,14,15,16;        2;          110;     		0.05;	0.0;	0.05;
322;         17;                                          2;             30;         1.0;        0.0;        1.0;
325.55;   1,2,3,4,5,6,7,8,9,10,11,12,13,14,15,16;        2;         110;   			0.2;	0.05;	0.5;
329.616;   	1,2,3,4,5,6,7,8,9,10,11,12,13,14,15,16;        2;          110;      	0.2;	0.8;	2.0;
334.383;  	1,2,3,4,5,6,7,8,9,10,11,12,13,14,15,16;        2;          110;   		1.2;	0.0;	1.2;
336;         17;                                          2;             30;         1.0;        0.0;        1.0;
338.966;    1,2,3,4,5,6,7,8,9,10,11,12,13,14,15,16;        2;          110;   		0.1;	0.0;	0.1;